post
4
7
5
9
3
6
0
7
6
3
6
8
5
2
2
9
0
2
7
2
4
2
1
3
6
0
7
5
6
0
3
7
7
2
5
0
2
7
delay_length
1
1
1
1
1
1
1
1
1
1
1
1
1
1
1
1
2
0
2
0
0
0
0
0
0
0
0
0
0
0
0
0
0
0
0
0
0
0
delays
[0][0][0]0
[0][0][1]0
[0][1][0]1
[0][1][1]0
[1][0][0]0
[1][0][1]0
[1][1][0]1
[1][1][1]0
[2][0][0]0
[2][0][1]0
[2][1][0]1
[2][1][1]0
[3][0][0]0
[3][0][1]0
[3][1][0]1
[3][1][1]0
[4][0][0]0
[4][0][1]0
[4][1][0]1
[4][1][1]0
[5][0][0]0
[5][0][1]0
[5][1][0]1
[5][1][1]0
[6][0][0]0
[6][0][1]0
[6][1][0]1
[6][1][1]0
[7][0][0]0
[7][0][1]0
[7][1][0]1
[7][1][1]0
[8][0][0]0
[8][0][1]1
[8][1][0]0
[8][1][1]0
[9][0][0]0
[9][0][1]1
[9][1][0]0
[9][1][1]0
[10][0][0]0
[10][0][1]0
[10][1][0]0
[10][1][1]0
[11][0][0]0
[11][0][1]0
[11][1][0]0
[11][1][1]0
[12][0][0]0
[12][0][1]0
[12][1][0]0
[12][1][1]0
[13][0][0]0
[13][0][1]0
[13][1][0]0
[13][1][1]0
[14][0][0]0
[14][0][1]0
[14][1][0]170
[14][1][1]-22016
[15][0][0]-8446
[15][0][1]0
[15][1][0]196
[15][1][1]61
[16][0][0]29928
[16][0][1]65
[16][1][0]0
[16][1][1]0
[17][0][0]0
[17][0][1]0
[17][1][0]0
[17][1][1]0
[18][0][0]0
[18][0][1]0
[18][1][0]0
[18][1][1]0
N_pre
1
0
2
2
1
2
3
2
1
2
0
0
0
0
0
0
0
2
2
I_pre
3
0
0
0
0
0
0
0
0
0
0
0
6
7
0
0
0
0
2
4
0
0
0
0
0
0
0
0
0
0
1
6
0
0
0
0
2
4
5
0
0
0
0
3
0
0
0
0
5
0
0
0
0
0
1
7
0
0
0
0
0
0
0
0
0
0
0
0
0
0
0
0
0
0
0
0
0
0
0
0
0
0
0
0
0
0
0
0
0
0
0
0
0
0
0
0
0
0
0
0
0
0
5
0
0
0
0
0
2
7
0
0
0
0
D_pre
0
0
0
0
0
0
0
0
0
0
0
0
1
0
0
0
0
0
0
1
0
0
0
0
0
0
0
0
0
0
0
0
0
0
0
0
1
0
0
0
0
0
1
1
0
0
0
0
1
0
0
0
0
0
1
1
0
0
0
0
0
0
0
0
0
0
0
0
0
0
0
0
0
0
0
0
0
0
0
0
0
0
0
0
0
0
0
0
0
0
0
0
0
0
0
0
0
0
0
0
0
0
0
0
0
0
0
0
0
0
0
0
0
0
a
0.02
0.02
0.02
0.02
0.02
0.02
0.02
0.02
0.1
0.1
0.1
0.1
0.1
0.1
0.1
0.1
0.1
0.1
0.1
d
8
8
8
8
8
8
8
8
2
2
2
2
2
2
2
2
2
2
2
